[7, 2, 5, 0, 1, 8, 3, 0, 4, 9, 6,
 8, 9, 4, 0, 6, 2, 7, 0, 3, 1, 5,
 1, 4, 9, 0, 5, 7, 6, 0, 8, 2, 3,
 0, 0, 0, 0, 0, 0, 0, 0, 0, 0, 0,
 5, 6, 3, 0, 9, 1, 8, 0, 7, 4, 2,
 3, 5, 7, 0, 8, 4, 2, 0, 1, 6, 9,
 2, 7, 6, 0, 4, 3, 9, 0, 5, 8, 1,
 0, 0, 0, 0, 0, 0, 0, 0, 0, 0, 0,
 4, 3, 1, 0, 2, 9, 5, 0, 6, 7, 8]


 [9, 4, 1, 0, 2, 3, 5, 0, 8, 6, 7,
  7, 2, 6, 0, 4, 9, 8, 0, 3, 5, 1,
  8, 5, 3, 0, 6, 1, 7, 0, 4, 9, 2,
  0, 0, 0, 0, 0, 0, 0, 0, 0, 0, 0, 
  6, 3, 4, 0, 9, 8, 2, 0, 7, 1, 5, 
  1, 7, 2, 0, 5, 6, 3, 0, 9, 8, 4, 
  5, 8, 9, 0, 7, 4, 1, 0, 6, 2, 3, 
  0, 0, 0, 0, 0, 0, 0, 0, 0, 0, 0, 
  3, 6, 8, 0, 1, 2, 4, 0, 5, 7, 9, 
  2, 9, 5, 0, 3, 7, 6, 0, 1, 4, 8, 
  4, 1, 7, 0, 8, 5, 9, 0, 2, 3, 6

  	print "-------------- vaux ", vaux
	print "------------- vauxV ", vauxV
	print "------------- vauxH ", vauxH
	print "---- numeroSorteado ", numeroSorteado
	print "------ listaNumeros ", listaNumeros
	print "------- listaMatriz ", listaMatriz
	print " quebraLoopInfinito ", quebraLoopInfinito
	print "--- resetCriaMatriz ", resetCriaMatriz